/*--------------------------------*- C++ -*----------------------------------*\
  =========                 |
  \\      /  F ield         | OpenFOAM: The Open Source CFD Toolbox
   \\    /   O peration     | Website:  https://openfoam.org
    \\  /    A nd           | Version:  9
     \\/     M anipulation  |
\*---------------------------------------------------------------------------*/
FoamFile
{
    format      ascii;
    class       vectorField;
    location    "constant/solid/polyMesh";
    object      points;
}
// * * * * * * * * * * * * * * * * * * * * * * * * * * * * * * * * * * * * * //


1484
(
(0.2489898 0.19 0)
(0.2506612771 0.19 0)
(0.2523327543 0.19 0)
(0.2540042314 0.19 0)
(0.2556757086 0.19 0)
(0.2573471857 0.19 0)
(0.2590186629 0.19 0)
(0.26069014 0.19 0)
(0.2623616171 0.19 0)
(0.2640330943 0.19 0)
(0.2657045714 0.19 0)
(0.2673760486 0.19 0)
(0.2690475257 0.19 0)
(0.2707190029 0.19 0)
(0.27239048 0.19 0)
(0.2740619571 0.19 0)
(0.2757334343 0.19 0)
(0.2774049114 0.19 0)
(0.2790763886 0.19 0)
(0.2807478657 0.19 0)
(0.2824193429 0.19 0)
(0.28409082 0.19 0)
(0.2857622971 0.19 0)
(0.2874337743 0.19 0)
(0.2891052514 0.19 0)
(0.2907767286 0.19 0)
(0.2924482057 0.19 0)
(0.2941196829 0.19 0)
(0.29579116 0.19 0)
(0.2974626371 0.19 0)
(0.2991341143 0.19 0)
(0.3008055914 0.19 0)
(0.3024770686 0.19 0)
(0.3041485457 0.19 0)
(0.3058200229 0.19 0)
(0.3074915 0.19 0)
(0.3091629771 0.19 0)
(0.3108344543 0.19 0)
(0.3125059314 0.19 0)
(0.3141774086 0.19 0)
(0.3158488857 0.19 0)
(0.3175203629 0.19 0)
(0.31919184 0.19 0)
(0.3208633171 0.19 0)
(0.3225347943 0.19 0)
(0.3242062714 0.19 0)
(0.3258777486 0.19 0)
(0.3275492257 0.19 0)
(0.3292207029 0.19 0)
(0.33089218 0.19 0)
(0.3325636571 0.19 0)
(0.3342351343 0.19 0)
(0.3359066114 0.19 0)
(0.3375780886 0.19 0)
(0.3392495657 0.19 0)
(0.3409210429 0.19 0)
(0.34259252 0.19 0)
(0.3442639971 0.19 0)
(0.3459354743 0.19 0)
(0.3476069514 0.19 0)
(0.3492784286 0.19 0)
(0.3509499057 0.19 0)
(0.3526213829 0.19 0)
(0.35429286 0.19 0)
(0.3559643371 0.19 0)
(0.3576358143 0.19 0)
(0.3593072914 0.19 0)
(0.3609787686 0.19 0)
(0.3626502457 0.19 0)
(0.3643217229 0.19 0)
(0.3659932 0.19 0)
(0.3676646771 0.19 0)
(0.3693361543 0.19 0)
(0.3710076314 0.19 0)
(0.3726791086 0.19 0)
(0.3743505857 0.19 0)
(0.3760220629 0.19 0)
(0.37769354 0.19 0)
(0.3793650171 0.19 0)
(0.3810364943 0.19 0)
(0.3827079714 0.19 0)
(0.3843794486 0.19 0)
(0.3860509257 0.19 0)
(0.3877224029 0.19 0)
(0.38939388 0.19 0)
(0.3910653571 0.19 0)
(0.3927368343 0.19 0)
(0.3944083114 0.19 0)
(0.3960797886 0.19 0)
(0.3977512657 0.19 0)
(0.3994227429 0.19 0)
(0.40109422 0.19 0)
(0.4027656971 0.19 0)
(0.4044371743 0.19 0)
(0.4061086514 0.19 0)
(0.4077801286 0.19 0)
(0.4094516057 0.19 0)
(0.4111230829 0.19 0)
(0.41279456 0.19 0)
(0.4144660371 0.19 0)
(0.4161375143 0.19 0)
(0.4178089914 0.19 0)
(0.4194804686 0.19 0)
(0.4211519457 0.19 0)
(0.4228234229 0.19 0)
(0.4244949 0.19 0)
(0.2489898 0.1933333333 0)
(0.2506612771 0.1933333333 0)
(0.2523327543 0.1933333333 0)
(0.2540042314 0.1933333333 0)
(0.2556757086 0.1933333333 0)
(0.2573471857 0.1933333333 0)
(0.2590186629 0.1933333333 0)
(0.26069014 0.1933333333 0)
(0.2623616171 0.1933333333 0)
(0.2640330943 0.1933333333 0)
(0.2657045714 0.1933333333 0)
(0.2673760486 0.1933333333 0)
(0.2690475257 0.1933333333 0)
(0.2707190029 0.1933333333 0)
(0.27239048 0.1933333333 0)
(0.2740619571 0.1933333333 0)
(0.2757334343 0.1933333333 0)
(0.2774049114 0.1933333333 0)
(0.2790763886 0.1933333333 0)
(0.2807478657 0.1933333333 0)
(0.2824193429 0.1933333333 0)
(0.28409082 0.1933333333 0)
(0.2857622971 0.1933333333 0)
(0.2874337743 0.1933333333 0)
(0.2891052514 0.1933333333 0)
(0.2907767286 0.1933333333 0)
(0.2924482057 0.1933333333 0)
(0.2941196829 0.1933333333 0)
(0.29579116 0.1933333333 0)
(0.2974626371 0.1933333333 0)
(0.2991341143 0.1933333333 0)
(0.3008055914 0.1933333333 0)
(0.3024770686 0.1933333333 0)
(0.3041485457 0.1933333333 0)
(0.3058200229 0.1933333333 0)
(0.3074915 0.1933333333 0)
(0.3091629771 0.1933333333 0)
(0.3108344543 0.1933333333 0)
(0.3125059314 0.1933333333 0)
(0.3141774086 0.1933333333 0)
(0.3158488857 0.1933333333 0)
(0.3175203629 0.1933333333 0)
(0.31919184 0.1933333333 0)
(0.3208633171 0.1933333333 0)
(0.3225347943 0.1933333333 0)
(0.3242062714 0.1933333333 0)
(0.3258777486 0.1933333333 0)
(0.3275492257 0.1933333333 0)
(0.3292207029 0.1933333333 0)
(0.33089218 0.1933333333 0)
(0.3325636571 0.1933333333 0)
(0.3342351343 0.1933333333 0)
(0.3359066114 0.1933333333 0)
(0.3375780886 0.1933333333 0)
(0.3392495657 0.1933333333 0)
(0.3409210429 0.1933333333 0)
(0.34259252 0.1933333333 0)
(0.3442639971 0.1933333333 0)
(0.3459354743 0.1933333333 0)
(0.3476069514 0.1933333333 0)
(0.3492784286 0.1933333333 0)
(0.3509499057 0.1933333333 0)
(0.3526213829 0.1933333333 0)
(0.35429286 0.1933333333 0)
(0.3559643371 0.1933333333 0)
(0.3576358143 0.1933333333 0)
(0.3593072914 0.1933333333 0)
(0.3609787686 0.1933333333 0)
(0.3626502457 0.1933333333 0)
(0.3643217229 0.1933333333 0)
(0.3659932 0.1933333333 0)
(0.3676646771 0.1933333333 0)
(0.3693361543 0.1933333333 0)
(0.3710076314 0.1933333333 0)
(0.3726791086 0.1933333333 0)
(0.3743505857 0.1933333333 0)
(0.3760220629 0.1933333333 0)
(0.37769354 0.1933333333 0)
(0.3793650171 0.1933333333 0)
(0.3810364943 0.1933333333 0)
(0.3827079714 0.1933333333 0)
(0.3843794486 0.1933333333 0)
(0.3860509257 0.1933333333 0)
(0.3877224029 0.1933333333 0)
(0.38939388 0.1933333333 0)
(0.3910653571 0.1933333333 0)
(0.3927368343 0.1933333333 0)
(0.3944083114 0.1933333333 0)
(0.3960797886 0.1933333333 0)
(0.3977512657 0.1933333333 0)
(0.3994227429 0.1933333333 0)
(0.40109422 0.1933333333 0)
(0.4027656971 0.1933333333 0)
(0.4044371743 0.1933333333 0)
(0.4061086514 0.1933333333 0)
(0.4077801286 0.1933333333 0)
(0.4094516057 0.1933333333 0)
(0.4111230829 0.1933333333 0)
(0.41279456 0.1933333333 0)
(0.4144660371 0.1933333333 0)
(0.4161375143 0.1933333333 0)
(0.4178089914 0.1933333333 0)
(0.4194804686 0.1933333333 0)
(0.4211519457 0.1933333333 0)
(0.4228234229 0.1933333333 0)
(0.4244949 0.1933333333 0)
(0.2489898 0.1966666667 0)
(0.2506612771 0.1966666667 0)
(0.2523327543 0.1966666667 0)
(0.2540042314 0.1966666667 0)
(0.2556757086 0.1966666667 0)
(0.2573471857 0.1966666667 0)
(0.2590186629 0.1966666667 0)
(0.26069014 0.1966666667 0)
(0.2623616171 0.1966666667 0)
(0.2640330943 0.1966666667 0)
(0.2657045714 0.1966666667 0)
(0.2673760486 0.1966666667 0)
(0.2690475257 0.1966666667 0)
(0.2707190029 0.1966666667 0)
(0.27239048 0.1966666667 0)
(0.2740619571 0.1966666667 0)
(0.2757334343 0.1966666667 0)
(0.2774049114 0.1966666667 0)
(0.2790763886 0.1966666667 0)
(0.2807478657 0.1966666667 0)
(0.2824193429 0.1966666667 0)
(0.28409082 0.1966666667 0)
(0.2857622971 0.1966666667 0)
(0.2874337743 0.1966666667 0)
(0.2891052514 0.1966666667 0)
(0.2907767286 0.1966666667 0)
(0.2924482057 0.1966666667 0)
(0.2941196829 0.1966666667 0)
(0.29579116 0.1966666667 0)
(0.2974626371 0.1966666667 0)
(0.2991341143 0.1966666667 0)
(0.3008055914 0.1966666667 0)
(0.3024770686 0.1966666667 0)
(0.3041485457 0.1966666667 0)
(0.3058200229 0.1966666667 0)
(0.3074915 0.1966666667 0)
(0.3091629771 0.1966666667 0)
(0.3108344543 0.1966666667 0)
(0.3125059314 0.1966666667 0)
(0.3141774086 0.1966666667 0)
(0.3158488857 0.1966666667 0)
(0.3175203629 0.1966666667 0)
(0.31919184 0.1966666667 0)
(0.3208633171 0.1966666667 0)
(0.3225347943 0.1966666667 0)
(0.3242062714 0.1966666667 0)
(0.3258777486 0.1966666667 0)
(0.3275492257 0.1966666667 0)
(0.3292207029 0.1966666667 0)
(0.33089218 0.1966666667 0)
(0.3325636571 0.1966666667 0)
(0.3342351343 0.1966666667 0)
(0.3359066114 0.1966666667 0)
(0.3375780886 0.1966666667 0)
(0.3392495657 0.1966666667 0)
(0.3409210429 0.1966666667 0)
(0.34259252 0.1966666667 0)
(0.3442639971 0.1966666667 0)
(0.3459354743 0.1966666667 0)
(0.3476069514 0.1966666667 0)
(0.3492784286 0.1966666667 0)
(0.3509499057 0.1966666667 0)
(0.3526213829 0.1966666667 0)
(0.35429286 0.1966666667 0)
(0.3559643371 0.1966666667 0)
(0.3576358143 0.1966666667 0)
(0.3593072914 0.1966666667 0)
(0.3609787686 0.1966666667 0)
(0.3626502457 0.1966666667 0)
(0.3643217229 0.1966666667 0)
(0.3659932 0.1966666667 0)
(0.3676646771 0.1966666667 0)
(0.3693361543 0.1966666667 0)
(0.3710076314 0.1966666667 0)
(0.3726791086 0.1966666667 0)
(0.3743505857 0.1966666667 0)
(0.3760220629 0.1966666667 0)
(0.37769354 0.1966666667 0)
(0.3793650171 0.1966666667 0)
(0.3810364943 0.1966666667 0)
(0.3827079714 0.1966666667 0)
(0.3843794486 0.1966666667 0)
(0.3860509257 0.1966666667 0)
(0.3877224029 0.1966666667 0)
(0.38939388 0.1966666667 0)
(0.3910653571 0.1966666667 0)
(0.3927368343 0.1966666667 0)
(0.3944083114 0.1966666667 0)
(0.3960797886 0.1966666667 0)
(0.3977512657 0.1966666667 0)
(0.3994227429 0.1966666667 0)
(0.40109422 0.1966666667 0)
(0.4027656971 0.1966666667 0)
(0.4044371743 0.1966666667 0)
(0.4061086514 0.1966666667 0)
(0.4077801286 0.1966666667 0)
(0.4094516057 0.1966666667 0)
(0.4111230829 0.1966666667 0)
(0.41279456 0.1966666667 0)
(0.4144660371 0.1966666667 0)
(0.4161375143 0.1966666667 0)
(0.4178089914 0.1966666667 0)
(0.4194804686 0.1966666667 0)
(0.4211519457 0.1966666667 0)
(0.4228234229 0.1966666667 0)
(0.4244949 0.1966666667 0)
(0.2489898 0.2 0)
(0.2506612771 0.2 0)
(0.2523327543 0.2 0)
(0.2540042314 0.2 0)
(0.2556757086 0.2 0)
(0.2573471857 0.2 0)
(0.2590186629 0.2 0)
(0.26069014 0.2 0)
(0.2623616171 0.2 0)
(0.2640330943 0.2 0)
(0.2657045714 0.2 0)
(0.2673760486 0.2 0)
(0.2690475257 0.2 0)
(0.2707190029 0.2 0)
(0.27239048 0.2 0)
(0.2740619571 0.2 0)
(0.2757334343 0.2 0)
(0.2774049114 0.2 0)
(0.2790763886 0.2 0)
(0.2807478657 0.2 0)
(0.2824193429 0.2 0)
(0.28409082 0.2 0)
(0.2857622971 0.2 0)
(0.2874337743 0.2 0)
(0.2891052514 0.2 0)
(0.2907767286 0.2 0)
(0.2924482057 0.2 0)
(0.2941196829 0.2 0)
(0.29579116 0.2 0)
(0.2974626371 0.2 0)
(0.2991341143 0.2 0)
(0.3008055914 0.2 0)
(0.3024770686 0.2 0)
(0.3041485457 0.2 0)
(0.3058200229 0.2 0)
(0.3074915 0.2 0)
(0.3091629771 0.2 0)
(0.3108344543 0.2 0)
(0.3125059314 0.2 0)
(0.3141774086 0.2 0)
(0.3158488857 0.2 0)
(0.3175203629 0.2 0)
(0.31919184 0.2 0)
(0.3208633171 0.2 0)
(0.3225347943 0.2 0)
(0.3242062714 0.2 0)
(0.3258777486 0.2 0)
(0.3275492257 0.2 0)
(0.3292207029 0.2 0)
(0.33089218 0.2 0)
(0.3325636571 0.2 0)
(0.3342351343 0.2 0)
(0.3359066114 0.2 0)
(0.3375780886 0.2 0)
(0.3392495657 0.2 0)
(0.3409210429 0.2 0)
(0.34259252 0.2 0)
(0.3442639971 0.2 0)
(0.3459354743 0.2 0)
(0.3476069514 0.2 0)
(0.3492784286 0.2 0)
(0.3509499057 0.2 0)
(0.3526213829 0.2 0)
(0.35429286 0.2 0)
(0.3559643371 0.2 0)
(0.3576358143 0.2 0)
(0.3593072914 0.2 0)
(0.3609787686 0.2 0)
(0.3626502457 0.2 0)
(0.3643217229 0.2 0)
(0.3659932 0.2 0)
(0.3676646771 0.2 0)
(0.3693361543 0.2 0)
(0.3710076314 0.2 0)
(0.3726791086 0.2 0)
(0.3743505857 0.2 0)
(0.3760220629 0.2 0)
(0.37769354 0.2 0)
(0.3793650171 0.2 0)
(0.3810364943 0.2 0)
(0.3827079714 0.2 0)
(0.3843794486 0.2 0)
(0.3860509257 0.2 0)
(0.3877224029 0.2 0)
(0.38939388 0.2 0)
(0.3910653571 0.2 0)
(0.3927368343 0.2 0)
(0.3944083114 0.2 0)
(0.3960797886 0.2 0)
(0.3977512657 0.2 0)
(0.3994227429 0.2 0)
(0.40109422 0.2 0)
(0.4027656971 0.2 0)
(0.4044371743 0.2 0)
(0.4061086514 0.2 0)
(0.4077801286 0.2 0)
(0.4094516057 0.2 0)
(0.4111230829 0.2 0)
(0.41279456 0.2 0)
(0.4144660371 0.2 0)
(0.4161375143 0.2 0)
(0.4178089914 0.2 0)
(0.4194804686 0.2 0)
(0.4211519457 0.2 0)
(0.4228234229 0.2 0)
(0.4244949 0.2 0)
(0.2489898 0.2033333333 0)
(0.2506612771 0.2033333333 0)
(0.2523327543 0.2033333333 0)
(0.2540042314 0.2033333333 0)
(0.2556757086 0.2033333333 0)
(0.2573471857 0.2033333333 0)
(0.2590186629 0.2033333333 0)
(0.26069014 0.2033333333 0)
(0.2623616171 0.2033333333 0)
(0.2640330943 0.2033333333 0)
(0.2657045714 0.2033333333 0)
(0.2673760486 0.2033333333 0)
(0.2690475257 0.2033333333 0)
(0.2707190029 0.2033333333 0)
(0.27239048 0.2033333333 0)
(0.2740619571 0.2033333333 0)
(0.2757334343 0.2033333333 0)
(0.2774049114 0.2033333333 0)
(0.2790763886 0.2033333333 0)
(0.2807478657 0.2033333333 0)
(0.2824193429 0.2033333333 0)
(0.28409082 0.2033333333 0)
(0.2857622971 0.2033333333 0)
(0.2874337743 0.2033333333 0)
(0.2891052514 0.2033333333 0)
(0.2907767286 0.2033333333 0)
(0.2924482057 0.2033333333 0)
(0.2941196829 0.2033333333 0)
(0.29579116 0.2033333333 0)
(0.2974626371 0.2033333333 0)
(0.2991341143 0.2033333333 0)
(0.3008055914 0.2033333333 0)
(0.3024770686 0.2033333333 0)
(0.3041485457 0.2033333333 0)
(0.3058200229 0.2033333333 0)
(0.3074915 0.2033333333 0)
(0.3091629771 0.2033333333 0)
(0.3108344543 0.2033333333 0)
(0.3125059314 0.2033333333 0)
(0.3141774086 0.2033333333 0)
(0.3158488857 0.2033333333 0)
(0.3175203629 0.2033333333 0)
(0.31919184 0.2033333333 0)
(0.3208633171 0.2033333333 0)
(0.3225347943 0.2033333333 0)
(0.3242062714 0.2033333333 0)
(0.3258777486 0.2033333333 0)
(0.3275492257 0.2033333333 0)
(0.3292207029 0.2033333333 0)
(0.33089218 0.2033333333 0)
(0.3325636571 0.2033333333 0)
(0.3342351343 0.2033333333 0)
(0.3359066114 0.2033333333 0)
(0.3375780886 0.2033333333 0)
(0.3392495657 0.2033333333 0)
(0.3409210429 0.2033333333 0)
(0.34259252 0.2033333333 0)
(0.3442639971 0.2033333333 0)
(0.3459354743 0.2033333333 0)
(0.3476069514 0.2033333333 0)
(0.3492784286 0.2033333333 0)
(0.3509499057 0.2033333333 0)
(0.3526213829 0.2033333333 0)
(0.35429286 0.2033333333 0)
(0.3559643371 0.2033333333 0)
(0.3576358143 0.2033333333 0)
(0.3593072914 0.2033333333 0)
(0.3609787686 0.2033333333 0)
(0.3626502457 0.2033333333 0)
(0.3643217229 0.2033333333 0)
(0.3659932 0.2033333333 0)
(0.3676646771 0.2033333333 0)
(0.3693361543 0.2033333333 0)
(0.3710076314 0.2033333333 0)
(0.3726791086 0.2033333333 0)
(0.3743505857 0.2033333333 0)
(0.3760220629 0.2033333333 0)
(0.37769354 0.2033333333 0)
(0.3793650171 0.2033333333 0)
(0.3810364943 0.2033333333 0)
(0.3827079714 0.2033333333 0)
(0.3843794486 0.2033333333 0)
(0.3860509257 0.2033333333 0)
(0.3877224029 0.2033333333 0)
(0.38939388 0.2033333333 0)
(0.3910653571 0.2033333333 0)
(0.3927368343 0.2033333333 0)
(0.3944083114 0.2033333333 0)
(0.3960797886 0.2033333333 0)
(0.3977512657 0.2033333333 0)
(0.3994227429 0.2033333333 0)
(0.40109422 0.2033333333 0)
(0.4027656971 0.2033333333 0)
(0.4044371743 0.2033333333 0)
(0.4061086514 0.2033333333 0)
(0.4077801286 0.2033333333 0)
(0.4094516057 0.2033333333 0)
(0.4111230829 0.2033333333 0)
(0.41279456 0.2033333333 0)
(0.4144660371 0.2033333333 0)
(0.4161375143 0.2033333333 0)
(0.4178089914 0.2033333333 0)
(0.4194804686 0.2033333333 0)
(0.4211519457 0.2033333333 0)
(0.4228234229 0.2033333333 0)
(0.4244949 0.2033333333 0)
(0.2489898 0.2066666667 0)
(0.2506612771 0.2066666667 0)
(0.2523327543 0.2066666667 0)
(0.2540042314 0.2066666667 0)
(0.2556757086 0.2066666667 0)
(0.2573471857 0.2066666667 0)
(0.2590186629 0.2066666667 0)
(0.26069014 0.2066666667 0)
(0.2623616171 0.2066666667 0)
(0.2640330943 0.2066666667 0)
(0.2657045714 0.2066666667 0)
(0.2673760486 0.2066666667 0)
(0.2690475257 0.2066666667 0)
(0.2707190029 0.2066666667 0)
(0.27239048 0.2066666667 0)
(0.2740619571 0.2066666667 0)
(0.2757334343 0.2066666667 0)
(0.2774049114 0.2066666667 0)
(0.2790763886 0.2066666667 0)
(0.2807478657 0.2066666667 0)
(0.2824193429 0.2066666667 0)
(0.28409082 0.2066666667 0)
(0.2857622971 0.2066666667 0)
(0.2874337743 0.2066666667 0)
(0.2891052514 0.2066666667 0)
(0.2907767286 0.2066666667 0)
(0.2924482057 0.2066666667 0)
(0.2941196829 0.2066666667 0)
(0.29579116 0.2066666667 0)
(0.2974626371 0.2066666667 0)
(0.2991341143 0.2066666667 0)
(0.3008055914 0.2066666667 0)
(0.3024770686 0.2066666667 0)
(0.3041485457 0.2066666667 0)
(0.3058200229 0.2066666667 0)
(0.3074915 0.2066666667 0)
(0.3091629771 0.2066666667 0)
(0.3108344543 0.2066666667 0)
(0.3125059314 0.2066666667 0)
(0.3141774086 0.2066666667 0)
(0.3158488857 0.2066666667 0)
(0.3175203629 0.2066666667 0)
(0.31919184 0.2066666667 0)
(0.3208633171 0.2066666667 0)
(0.3225347943 0.2066666667 0)
(0.3242062714 0.2066666667 0)
(0.3258777486 0.2066666667 0)
(0.3275492257 0.2066666667 0)
(0.3292207029 0.2066666667 0)
(0.33089218 0.2066666667 0)
(0.3325636571 0.2066666667 0)
(0.3342351343 0.2066666667 0)
(0.3359066114 0.2066666667 0)
(0.3375780886 0.2066666667 0)
(0.3392495657 0.2066666667 0)
(0.3409210429 0.2066666667 0)
(0.34259252 0.2066666667 0)
(0.3442639971 0.2066666667 0)
(0.3459354743 0.2066666667 0)
(0.3476069514 0.2066666667 0)
(0.3492784286 0.2066666667 0)
(0.3509499057 0.2066666667 0)
(0.3526213829 0.2066666667 0)
(0.35429286 0.2066666667 0)
(0.3559643371 0.2066666667 0)
(0.3576358143 0.2066666667 0)
(0.3593072914 0.2066666667 0)
(0.3609787686 0.2066666667 0)
(0.3626502457 0.2066666667 0)
(0.3643217229 0.2066666667 0)
(0.3659932 0.2066666667 0)
(0.3676646771 0.2066666667 0)
(0.3693361543 0.2066666667 0)
(0.3710076314 0.2066666667 0)
(0.3726791086 0.2066666667 0)
(0.3743505857 0.2066666667 0)
(0.3760220629 0.2066666667 0)
(0.37769354 0.2066666667 0)
(0.3793650171 0.2066666667 0)
(0.3810364943 0.2066666667 0)
(0.3827079714 0.2066666667 0)
(0.3843794486 0.2066666667 0)
(0.3860509257 0.2066666667 0)
(0.3877224029 0.2066666667 0)
(0.38939388 0.2066666667 0)
(0.3910653571 0.2066666667 0)
(0.3927368343 0.2066666667 0)
(0.3944083114 0.2066666667 0)
(0.3960797886 0.2066666667 0)
(0.3977512657 0.2066666667 0)
(0.3994227429 0.2066666667 0)
(0.40109422 0.2066666667 0)
(0.4027656971 0.2066666667 0)
(0.4044371743 0.2066666667 0)
(0.4061086514 0.2066666667 0)
(0.4077801286 0.2066666667 0)
(0.4094516057 0.2066666667 0)
(0.4111230829 0.2066666667 0)
(0.41279456 0.2066666667 0)
(0.4144660371 0.2066666667 0)
(0.4161375143 0.2066666667 0)
(0.4178089914 0.2066666667 0)
(0.4194804686 0.2066666667 0)
(0.4211519457 0.2066666667 0)
(0.4228234229 0.2066666667 0)
(0.4244949 0.2066666667 0)
(0.2489898 0.21 0)
(0.2506612771 0.21 0)
(0.2523327543 0.21 0)
(0.2540042314 0.21 0)
(0.2556757086 0.21 0)
(0.2573471857 0.21 0)
(0.2590186629 0.21 0)
(0.26069014 0.21 0)
(0.2623616171 0.21 0)
(0.2640330943 0.21 0)
(0.2657045714 0.21 0)
(0.2673760486 0.21 0)
(0.2690475257 0.21 0)
(0.2707190029 0.21 0)
(0.27239048 0.21 0)
(0.2740619571 0.21 0)
(0.2757334343 0.21 0)
(0.2774049114 0.21 0)
(0.2790763886 0.21 0)
(0.2807478657 0.21 0)
(0.2824193429 0.21 0)
(0.28409082 0.21 0)
(0.2857622971 0.21 0)
(0.2874337743 0.21 0)
(0.2891052514 0.21 0)
(0.2907767286 0.21 0)
(0.2924482057 0.21 0)
(0.2941196829 0.21 0)
(0.29579116 0.21 0)
(0.2974626371 0.21 0)
(0.2991341143 0.21 0)
(0.3008055914 0.21 0)
(0.3024770686 0.21 0)
(0.3041485457 0.21 0)
(0.3058200229 0.21 0)
(0.3074915 0.21 0)
(0.3091629771 0.21 0)
(0.3108344543 0.21 0)
(0.3125059314 0.21 0)
(0.3141774086 0.21 0)
(0.3158488857 0.21 0)
(0.3175203629 0.21 0)
(0.31919184 0.21 0)
(0.3208633171 0.21 0)
(0.3225347943 0.21 0)
(0.3242062714 0.21 0)
(0.3258777486 0.21 0)
(0.3275492257 0.21 0)
(0.3292207029 0.21 0)
(0.33089218 0.21 0)
(0.3325636571 0.21 0)
(0.3342351343 0.21 0)
(0.3359066114 0.21 0)
(0.3375780886 0.21 0)
(0.3392495657 0.21 0)
(0.3409210429 0.21 0)
(0.34259252 0.21 0)
(0.3442639971 0.21 0)
(0.3459354743 0.21 0)
(0.3476069514 0.21 0)
(0.3492784286 0.21 0)
(0.3509499057 0.21 0)
(0.3526213829 0.21 0)
(0.35429286 0.21 0)
(0.3559643371 0.21 0)
(0.3576358143 0.21 0)
(0.3593072914 0.21 0)
(0.3609787686 0.21 0)
(0.3626502457 0.21 0)
(0.3643217229 0.21 0)
(0.3659932 0.21 0)
(0.3676646771 0.21 0)
(0.3693361543 0.21 0)
(0.3710076314 0.21 0)
(0.3726791086 0.21 0)
(0.3743505857 0.21 0)
(0.3760220629 0.21 0)
(0.37769354 0.21 0)
(0.3793650171 0.21 0)
(0.3810364943 0.21 0)
(0.3827079714 0.21 0)
(0.3843794486 0.21 0)
(0.3860509257 0.21 0)
(0.3877224029 0.21 0)
(0.38939388 0.21 0)
(0.3910653571 0.21 0)
(0.3927368343 0.21 0)
(0.3944083114 0.21 0)
(0.3960797886 0.21 0)
(0.3977512657 0.21 0)
(0.3994227429 0.21 0)
(0.40109422 0.21 0)
(0.4027656971 0.21 0)
(0.4044371743 0.21 0)
(0.4061086514 0.21 0)
(0.4077801286 0.21 0)
(0.4094516057 0.21 0)
(0.4111230829 0.21 0)
(0.41279456 0.21 0)
(0.4144660371 0.21 0)
(0.4161375143 0.21 0)
(0.4178089914 0.21 0)
(0.4194804686 0.21 0)
(0.4211519457 0.21 0)
(0.4228234229 0.21 0)
(0.4244949 0.21 0)
(0.2489898 0.19 0.015)
(0.2506612771 0.19 0.015)
(0.2523327543 0.19 0.015)
(0.2540042314 0.19 0.015)
(0.2556757086 0.19 0.015)
(0.2573471857 0.19 0.015)
(0.2590186629 0.19 0.015)
(0.26069014 0.19 0.015)
(0.2623616171 0.19 0.015)
(0.2640330943 0.19 0.015)
(0.2657045714 0.19 0.015)
(0.2673760486 0.19 0.015)
(0.2690475257 0.19 0.015)
(0.2707190029 0.19 0.015)
(0.27239048 0.19 0.015)
(0.2740619571 0.19 0.015)
(0.2757334343 0.19 0.015)
(0.2774049114 0.19 0.015)
(0.2790763886 0.19 0.015)
(0.2807478657 0.19 0.015)
(0.2824193429 0.19 0.015)
(0.28409082 0.19 0.015)
(0.2857622971 0.19 0.015)
(0.2874337743 0.19 0.015)
(0.2891052514 0.19 0.015)
(0.2907767286 0.19 0.015)
(0.2924482057 0.19 0.015)
(0.2941196829 0.19 0.015)
(0.29579116 0.19 0.015)
(0.2974626371 0.19 0.015)
(0.2991341143 0.19 0.015)
(0.3008055914 0.19 0.015)
(0.3024770686 0.19 0.015)
(0.3041485457 0.19 0.015)
(0.3058200229 0.19 0.015)
(0.3074915 0.19 0.015)
(0.3091629771 0.19 0.015)
(0.3108344543 0.19 0.015)
(0.3125059314 0.19 0.015)
(0.3141774086 0.19 0.015)
(0.3158488857 0.19 0.015)
(0.3175203629 0.19 0.015)
(0.31919184 0.19 0.015)
(0.3208633171 0.19 0.015)
(0.3225347943 0.19 0.015)
(0.3242062714 0.19 0.015)
(0.3258777486 0.19 0.015)
(0.3275492257 0.19 0.015)
(0.3292207029 0.19 0.015)
(0.33089218 0.19 0.015)
(0.3325636571 0.19 0.015)
(0.3342351343 0.19 0.015)
(0.3359066114 0.19 0.015)
(0.3375780886 0.19 0.015)
(0.3392495657 0.19 0.015)
(0.3409210429 0.19 0.015)
(0.34259252 0.19 0.015)
(0.3442639971 0.19 0.015)
(0.3459354743 0.19 0.015)
(0.3476069514 0.19 0.015)
(0.3492784286 0.19 0.015)
(0.3509499057 0.19 0.015)
(0.3526213829 0.19 0.015)
(0.35429286 0.19 0.015)
(0.3559643371 0.19 0.015)
(0.3576358143 0.19 0.015)
(0.3593072914 0.19 0.015)
(0.3609787686 0.19 0.015)
(0.3626502457 0.19 0.015)
(0.3643217229 0.19 0.015)
(0.3659932 0.19 0.015)
(0.3676646771 0.19 0.015)
(0.3693361543 0.19 0.015)
(0.3710076314 0.19 0.015)
(0.3726791086 0.19 0.015)
(0.3743505857 0.19 0.015)
(0.3760220629 0.19 0.015)
(0.37769354 0.19 0.015)
(0.3793650171 0.19 0.015)
(0.3810364943 0.19 0.015)
(0.3827079714 0.19 0.015)
(0.3843794486 0.19 0.015)
(0.3860509257 0.19 0.015)
(0.3877224029 0.19 0.015)
(0.38939388 0.19 0.015)
(0.3910653571 0.19 0.015)
(0.3927368343 0.19 0.015)
(0.3944083114 0.19 0.015)
(0.3960797886 0.19 0.015)
(0.3977512657 0.19 0.015)
(0.3994227429 0.19 0.015)
(0.40109422 0.19 0.015)
(0.4027656971 0.19 0.015)
(0.4044371743 0.19 0.015)
(0.4061086514 0.19 0.015)
(0.4077801286 0.19 0.015)
(0.4094516057 0.19 0.015)
(0.4111230829 0.19 0.015)
(0.41279456 0.19 0.015)
(0.4144660371 0.19 0.015)
(0.4161375143 0.19 0.015)
(0.4178089914 0.19 0.015)
(0.4194804686 0.19 0.015)
(0.4211519457 0.19 0.015)
(0.4228234229 0.19 0.015)
(0.4244949 0.19 0.015)
(0.2489898 0.1933333333 0.015)
(0.2506612771 0.1933333333 0.015)
(0.2523327543 0.1933333333 0.015)
(0.2540042314 0.1933333333 0.015)
(0.2556757086 0.1933333333 0.015)
(0.2573471857 0.1933333333 0.015)
(0.2590186629 0.1933333333 0.015)
(0.26069014 0.1933333333 0.015)
(0.2623616171 0.1933333333 0.015)
(0.2640330943 0.1933333333 0.015)
(0.2657045714 0.1933333333 0.015)
(0.2673760486 0.1933333333 0.015)
(0.2690475257 0.1933333333 0.015)
(0.2707190029 0.1933333333 0.015)
(0.27239048 0.1933333333 0.015)
(0.2740619571 0.1933333333 0.015)
(0.2757334343 0.1933333333 0.015)
(0.2774049114 0.1933333333 0.015)
(0.2790763886 0.1933333333 0.015)
(0.2807478657 0.1933333333 0.015)
(0.2824193429 0.1933333333 0.015)
(0.28409082 0.1933333333 0.015)
(0.2857622971 0.1933333333 0.015)
(0.2874337743 0.1933333333 0.015)
(0.2891052514 0.1933333333 0.015)
(0.2907767286 0.1933333333 0.015)
(0.2924482057 0.1933333333 0.015)
(0.2941196829 0.1933333333 0.015)
(0.29579116 0.1933333333 0.015)
(0.2974626371 0.1933333333 0.015)
(0.2991341143 0.1933333333 0.015)
(0.3008055914 0.1933333333 0.015)
(0.3024770686 0.1933333333 0.015)
(0.3041485457 0.1933333333 0.015)
(0.3058200229 0.1933333333 0.015)
(0.3074915 0.1933333333 0.015)
(0.3091629771 0.1933333333 0.015)
(0.3108344543 0.1933333333 0.015)
(0.3125059314 0.1933333333 0.015)
(0.3141774086 0.1933333333 0.015)
(0.3158488857 0.1933333333 0.015)
(0.3175203629 0.1933333333 0.015)
(0.31919184 0.1933333333 0.015)
(0.3208633171 0.1933333333 0.015)
(0.3225347943 0.1933333333 0.015)
(0.3242062714 0.1933333333 0.015)
(0.3258777486 0.1933333333 0.015)
(0.3275492257 0.1933333333 0.015)
(0.3292207029 0.1933333333 0.015)
(0.33089218 0.1933333333 0.015)
(0.3325636571 0.1933333333 0.015)
(0.3342351343 0.1933333333 0.015)
(0.3359066114 0.1933333333 0.015)
(0.3375780886 0.1933333333 0.015)
(0.3392495657 0.1933333333 0.015)
(0.3409210429 0.1933333333 0.015)
(0.34259252 0.1933333333 0.015)
(0.3442639971 0.1933333333 0.015)
(0.3459354743 0.1933333333 0.015)
(0.3476069514 0.1933333333 0.015)
(0.3492784286 0.1933333333 0.015)
(0.3509499057 0.1933333333 0.015)
(0.3526213829 0.1933333333 0.015)
(0.35429286 0.1933333333 0.015)
(0.3559643371 0.1933333333 0.015)
(0.3576358143 0.1933333333 0.015)
(0.3593072914 0.1933333333 0.015)
(0.3609787686 0.1933333333 0.015)
(0.3626502457 0.1933333333 0.015)
(0.3643217229 0.1933333333 0.015)
(0.3659932 0.1933333333 0.015)
(0.3676646771 0.1933333333 0.015)
(0.3693361543 0.1933333333 0.015)
(0.3710076314 0.1933333333 0.015)
(0.3726791086 0.1933333333 0.015)
(0.3743505857 0.1933333333 0.015)
(0.3760220629 0.1933333333 0.015)
(0.37769354 0.1933333333 0.015)
(0.3793650171 0.1933333333 0.015)
(0.3810364943 0.1933333333 0.015)
(0.3827079714 0.1933333333 0.015)
(0.3843794486 0.1933333333 0.015)
(0.3860509257 0.1933333333 0.015)
(0.3877224029 0.1933333333 0.015)
(0.38939388 0.1933333333 0.015)
(0.3910653571 0.1933333333 0.015)
(0.3927368343 0.1933333333 0.015)
(0.3944083114 0.1933333333 0.015)
(0.3960797886 0.1933333333 0.015)
(0.3977512657 0.1933333333 0.015)
(0.3994227429 0.1933333333 0.015)
(0.40109422 0.1933333333 0.015)
(0.4027656971 0.1933333333 0.015)
(0.4044371743 0.1933333333 0.015)
(0.4061086514 0.1933333333 0.015)
(0.4077801286 0.1933333333 0.015)
(0.4094516057 0.1933333333 0.015)
(0.4111230829 0.1933333333 0.015)
(0.41279456 0.1933333333 0.015)
(0.4144660371 0.1933333333 0.015)
(0.4161375143 0.1933333333 0.015)
(0.4178089914 0.1933333333 0.015)
(0.4194804686 0.1933333333 0.015)
(0.4211519457 0.1933333333 0.015)
(0.4228234229 0.1933333333 0.015)
(0.4244949 0.1933333333 0.015)
(0.2489898 0.1966666667 0.015)
(0.2506612771 0.1966666667 0.015)
(0.2523327543 0.1966666667 0.015)
(0.2540042314 0.1966666667 0.015)
(0.2556757086 0.1966666667 0.015)
(0.2573471857 0.1966666667 0.015)
(0.2590186629 0.1966666667 0.015)
(0.26069014 0.1966666667 0.015)
(0.2623616171 0.1966666667 0.015)
(0.2640330943 0.1966666667 0.015)
(0.2657045714 0.1966666667 0.015)
(0.2673760486 0.1966666667 0.015)
(0.2690475257 0.1966666667 0.015)
(0.2707190029 0.1966666667 0.015)
(0.27239048 0.1966666667 0.015)
(0.2740619571 0.1966666667 0.015)
(0.2757334343 0.1966666667 0.015)
(0.2774049114 0.1966666667 0.015)
(0.2790763886 0.1966666667 0.015)
(0.2807478657 0.1966666667 0.015)
(0.2824193429 0.1966666667 0.015)
(0.28409082 0.1966666667 0.015)
(0.2857622971 0.1966666667 0.015)
(0.2874337743 0.1966666667 0.015)
(0.2891052514 0.1966666667 0.015)
(0.2907767286 0.1966666667 0.015)
(0.2924482057 0.1966666667 0.015)
(0.2941196829 0.1966666667 0.015)
(0.29579116 0.1966666667 0.015)
(0.2974626371 0.1966666667 0.015)
(0.2991341143 0.1966666667 0.015)
(0.3008055914 0.1966666667 0.015)
(0.3024770686 0.1966666667 0.015)
(0.3041485457 0.1966666667 0.015)
(0.3058200229 0.1966666667 0.015)
(0.3074915 0.1966666667 0.015)
(0.3091629771 0.1966666667 0.015)
(0.3108344543 0.1966666667 0.015)
(0.3125059314 0.1966666667 0.015)
(0.3141774086 0.1966666667 0.015)
(0.3158488857 0.1966666667 0.015)
(0.3175203629 0.1966666667 0.015)
(0.31919184 0.1966666667 0.015)
(0.3208633171 0.1966666667 0.015)
(0.3225347943 0.1966666667 0.015)
(0.3242062714 0.1966666667 0.015)
(0.3258777486 0.1966666667 0.015)
(0.3275492257 0.1966666667 0.015)
(0.3292207029 0.1966666667 0.015)
(0.33089218 0.1966666667 0.015)
(0.3325636571 0.1966666667 0.015)
(0.3342351343 0.1966666667 0.015)
(0.3359066114 0.1966666667 0.015)
(0.3375780886 0.1966666667 0.015)
(0.3392495657 0.1966666667 0.015)
(0.3409210429 0.1966666667 0.015)
(0.34259252 0.1966666667 0.015)
(0.3442639971 0.1966666667 0.015)
(0.3459354743 0.1966666667 0.015)
(0.3476069514 0.1966666667 0.015)
(0.3492784286 0.1966666667 0.015)
(0.3509499057 0.1966666667 0.015)
(0.3526213829 0.1966666667 0.015)
(0.35429286 0.1966666667 0.015)
(0.3559643371 0.1966666667 0.015)
(0.3576358143 0.1966666667 0.015)
(0.3593072914 0.1966666667 0.015)
(0.3609787686 0.1966666667 0.015)
(0.3626502457 0.1966666667 0.015)
(0.3643217229 0.1966666667 0.015)
(0.3659932 0.1966666667 0.015)
(0.3676646771 0.1966666667 0.015)
(0.3693361543 0.1966666667 0.015)
(0.3710076314 0.1966666667 0.015)
(0.3726791086 0.1966666667 0.015)
(0.3743505857 0.1966666667 0.015)
(0.3760220629 0.1966666667 0.015)
(0.37769354 0.1966666667 0.015)
(0.3793650171 0.1966666667 0.015)
(0.3810364943 0.1966666667 0.015)
(0.3827079714 0.1966666667 0.015)
(0.3843794486 0.1966666667 0.015)
(0.3860509257 0.1966666667 0.015)
(0.3877224029 0.1966666667 0.015)
(0.38939388 0.1966666667 0.015)
(0.3910653571 0.1966666667 0.015)
(0.3927368343 0.1966666667 0.015)
(0.3944083114 0.1966666667 0.015)
(0.3960797886 0.1966666667 0.015)
(0.3977512657 0.1966666667 0.015)
(0.3994227429 0.1966666667 0.015)
(0.40109422 0.1966666667 0.015)
(0.4027656971 0.1966666667 0.015)
(0.4044371743 0.1966666667 0.015)
(0.4061086514 0.1966666667 0.015)
(0.4077801286 0.1966666667 0.015)
(0.4094516057 0.1966666667 0.015)
(0.4111230829 0.1966666667 0.015)
(0.41279456 0.1966666667 0.015)
(0.4144660371 0.1966666667 0.015)
(0.4161375143 0.1966666667 0.015)
(0.4178089914 0.1966666667 0.015)
(0.4194804686 0.1966666667 0.015)
(0.4211519457 0.1966666667 0.015)
(0.4228234229 0.1966666667 0.015)
(0.4244949 0.1966666667 0.015)
(0.2489898 0.2 0.015)
(0.2506612771 0.2 0.015)
(0.2523327543 0.2 0.015)
(0.2540042314 0.2 0.015)
(0.2556757086 0.2 0.015)
(0.2573471857 0.2 0.015)
(0.2590186629 0.2 0.015)
(0.26069014 0.2 0.015)
(0.2623616171 0.2 0.015)
(0.2640330943 0.2 0.015)
(0.2657045714 0.2 0.015)
(0.2673760486 0.2 0.015)
(0.2690475257 0.2 0.015)
(0.2707190029 0.2 0.015)
(0.27239048 0.2 0.015)
(0.2740619571 0.2 0.015)
(0.2757334343 0.2 0.015)
(0.2774049114 0.2 0.015)
(0.2790763886 0.2 0.015)
(0.2807478657 0.2 0.015)
(0.2824193429 0.2 0.015)
(0.28409082 0.2 0.015)
(0.2857622971 0.2 0.015)
(0.2874337743 0.2 0.015)
(0.2891052514 0.2 0.015)
(0.2907767286 0.2 0.015)
(0.2924482057 0.2 0.015)
(0.2941196829 0.2 0.015)
(0.29579116 0.2 0.015)
(0.2974626371 0.2 0.015)
(0.2991341143 0.2 0.015)
(0.3008055914 0.2 0.015)
(0.3024770686 0.2 0.015)
(0.3041485457 0.2 0.015)
(0.3058200229 0.2 0.015)
(0.3074915 0.2 0.015)
(0.3091629771 0.2 0.015)
(0.3108344543 0.2 0.015)
(0.3125059314 0.2 0.015)
(0.3141774086 0.2 0.015)
(0.3158488857 0.2 0.015)
(0.3175203629 0.2 0.015)
(0.31919184 0.2 0.015)
(0.3208633171 0.2 0.015)
(0.3225347943 0.2 0.015)
(0.3242062714 0.2 0.015)
(0.3258777486 0.2 0.015)
(0.3275492257 0.2 0.015)
(0.3292207029 0.2 0.015)
(0.33089218 0.2 0.015)
(0.3325636571 0.2 0.015)
(0.3342351343 0.2 0.015)
(0.3359066114 0.2 0.015)
(0.3375780886 0.2 0.015)
(0.3392495657 0.2 0.015)
(0.3409210429 0.2 0.015)
(0.34259252 0.2 0.015)
(0.3442639971 0.2 0.015)
(0.3459354743 0.2 0.015)
(0.3476069514 0.2 0.015)
(0.3492784286 0.2 0.015)
(0.3509499057 0.2 0.015)
(0.3526213829 0.2 0.015)
(0.35429286 0.2 0.015)
(0.3559643371 0.2 0.015)
(0.3576358143 0.2 0.015)
(0.3593072914 0.2 0.015)
(0.3609787686 0.2 0.015)
(0.3626502457 0.2 0.015)
(0.3643217229 0.2 0.015)
(0.3659932 0.2 0.015)
(0.3676646771 0.2 0.015)
(0.3693361543 0.2 0.015)
(0.3710076314 0.2 0.015)
(0.3726791086 0.2 0.015)
(0.3743505857 0.2 0.015)
(0.3760220629 0.2 0.015)
(0.37769354 0.2 0.015)
(0.3793650171 0.2 0.015)
(0.3810364943 0.2 0.015)
(0.3827079714 0.2 0.015)
(0.3843794486 0.2 0.015)
(0.3860509257 0.2 0.015)
(0.3877224029 0.2 0.015)
(0.38939388 0.2 0.015)
(0.3910653571 0.2 0.015)
(0.3927368343 0.2 0.015)
(0.3944083114 0.2 0.015)
(0.3960797886 0.2 0.015)
(0.3977512657 0.2 0.015)
(0.3994227429 0.2 0.015)
(0.40109422 0.2 0.015)
(0.4027656971 0.2 0.015)
(0.4044371743 0.2 0.015)
(0.4061086514 0.2 0.015)
(0.4077801286 0.2 0.015)
(0.4094516057 0.2 0.015)
(0.4111230829 0.2 0.015)
(0.41279456 0.2 0.015)
(0.4144660371 0.2 0.015)
(0.4161375143 0.2 0.015)
(0.4178089914 0.2 0.015)
(0.4194804686 0.2 0.015)
(0.4211519457 0.2 0.015)
(0.4228234229 0.2 0.015)
(0.4244949 0.2 0.015)
(0.2489898 0.2033333333 0.015)
(0.2506612771 0.2033333333 0.015)
(0.2523327543 0.2033333333 0.015)
(0.2540042314 0.2033333333 0.015)
(0.2556757086 0.2033333333 0.015)
(0.2573471857 0.2033333333 0.015)
(0.2590186629 0.2033333333 0.015)
(0.26069014 0.2033333333 0.015)
(0.2623616171 0.2033333333 0.015)
(0.2640330943 0.2033333333 0.015)
(0.2657045714 0.2033333333 0.015)
(0.2673760486 0.2033333333 0.015)
(0.2690475257 0.2033333333 0.015)
(0.2707190029 0.2033333333 0.015)
(0.27239048 0.2033333333 0.015)
(0.2740619571 0.2033333333 0.015)
(0.2757334343 0.2033333333 0.015)
(0.2774049114 0.2033333333 0.015)
(0.2790763886 0.2033333333 0.015)
(0.2807478657 0.2033333333 0.015)
(0.2824193429 0.2033333333 0.015)
(0.28409082 0.2033333333 0.015)
(0.2857622971 0.2033333333 0.015)
(0.2874337743 0.2033333333 0.015)
(0.2891052514 0.2033333333 0.015)
(0.2907767286 0.2033333333 0.015)
(0.2924482057 0.2033333333 0.015)
(0.2941196829 0.2033333333 0.015)
(0.29579116 0.2033333333 0.015)
(0.2974626371 0.2033333333 0.015)
(0.2991341143 0.2033333333 0.015)
(0.3008055914 0.2033333333 0.015)
(0.3024770686 0.2033333333 0.015)
(0.3041485457 0.2033333333 0.015)
(0.3058200229 0.2033333333 0.015)
(0.3074915 0.2033333333 0.015)
(0.3091629771 0.2033333333 0.015)
(0.3108344543 0.2033333333 0.015)
(0.3125059314 0.2033333333 0.015)
(0.3141774086 0.2033333333 0.015)
(0.3158488857 0.2033333333 0.015)
(0.3175203629 0.2033333333 0.015)
(0.31919184 0.2033333333 0.015)
(0.3208633171 0.2033333333 0.015)
(0.3225347943 0.2033333333 0.015)
(0.3242062714 0.2033333333 0.015)
(0.3258777486 0.2033333333 0.015)
(0.3275492257 0.2033333333 0.015)
(0.3292207029 0.2033333333 0.015)
(0.33089218 0.2033333333 0.015)
(0.3325636571 0.2033333333 0.015)
(0.3342351343 0.2033333333 0.015)
(0.3359066114 0.2033333333 0.015)
(0.3375780886 0.2033333333 0.015)
(0.3392495657 0.2033333333 0.015)
(0.3409210429 0.2033333333 0.015)
(0.34259252 0.2033333333 0.015)
(0.3442639971 0.2033333333 0.015)
(0.3459354743 0.2033333333 0.015)
(0.3476069514 0.2033333333 0.015)
(0.3492784286 0.2033333333 0.015)
(0.3509499057 0.2033333333 0.015)
(0.3526213829 0.2033333333 0.015)
(0.35429286 0.2033333333 0.015)
(0.3559643371 0.2033333333 0.015)
(0.3576358143 0.2033333333 0.015)
(0.3593072914 0.2033333333 0.015)
(0.3609787686 0.2033333333 0.015)
(0.3626502457 0.2033333333 0.015)
(0.3643217229 0.2033333333 0.015)
(0.3659932 0.2033333333 0.015)
(0.3676646771 0.2033333333 0.015)
(0.3693361543 0.2033333333 0.015)
(0.3710076314 0.2033333333 0.015)
(0.3726791086 0.2033333333 0.015)
(0.3743505857 0.2033333333 0.015)
(0.3760220629 0.2033333333 0.015)
(0.37769354 0.2033333333 0.015)
(0.3793650171 0.2033333333 0.015)
(0.3810364943 0.2033333333 0.015)
(0.3827079714 0.2033333333 0.015)
(0.3843794486 0.2033333333 0.015)
(0.3860509257 0.2033333333 0.015)
(0.3877224029 0.2033333333 0.015)
(0.38939388 0.2033333333 0.015)
(0.3910653571 0.2033333333 0.015)
(0.3927368343 0.2033333333 0.015)
(0.3944083114 0.2033333333 0.015)
(0.3960797886 0.2033333333 0.015)
(0.3977512657 0.2033333333 0.015)
(0.3994227429 0.2033333333 0.015)
(0.40109422 0.2033333333 0.015)
(0.4027656971 0.2033333333 0.015)
(0.4044371743 0.2033333333 0.015)
(0.4061086514 0.2033333333 0.015)
(0.4077801286 0.2033333333 0.015)
(0.4094516057 0.2033333333 0.015)
(0.4111230829 0.2033333333 0.015)
(0.41279456 0.2033333333 0.015)
(0.4144660371 0.2033333333 0.015)
(0.4161375143 0.2033333333 0.015)
(0.4178089914 0.2033333333 0.015)
(0.4194804686 0.2033333333 0.015)
(0.4211519457 0.2033333333 0.015)
(0.4228234229 0.2033333333 0.015)
(0.4244949 0.2033333333 0.015)
(0.2489898 0.2066666667 0.015)
(0.2506612771 0.2066666667 0.015)
(0.2523327543 0.2066666667 0.015)
(0.2540042314 0.2066666667 0.015)
(0.2556757086 0.2066666667 0.015)
(0.2573471857 0.2066666667 0.015)
(0.2590186629 0.2066666667 0.015)
(0.26069014 0.2066666667 0.015)
(0.2623616171 0.2066666667 0.015)
(0.2640330943 0.2066666667 0.015)
(0.2657045714 0.2066666667 0.015)
(0.2673760486 0.2066666667 0.015)
(0.2690475257 0.2066666667 0.015)
(0.2707190029 0.2066666667 0.015)
(0.27239048 0.2066666667 0.015)
(0.2740619571 0.2066666667 0.015)
(0.2757334343 0.2066666667 0.015)
(0.2774049114 0.2066666667 0.015)
(0.2790763886 0.2066666667 0.015)
(0.2807478657 0.2066666667 0.015)
(0.2824193429 0.2066666667 0.015)
(0.28409082 0.2066666667 0.015)
(0.2857622971 0.2066666667 0.015)
(0.2874337743 0.2066666667 0.015)
(0.2891052514 0.2066666667 0.015)
(0.2907767286 0.2066666667 0.015)
(0.2924482057 0.2066666667 0.015)
(0.2941196829 0.2066666667 0.015)
(0.29579116 0.2066666667 0.015)
(0.2974626371 0.2066666667 0.015)
(0.2991341143 0.2066666667 0.015)
(0.3008055914 0.2066666667 0.015)
(0.3024770686 0.2066666667 0.015)
(0.3041485457 0.2066666667 0.015)
(0.3058200229 0.2066666667 0.015)
(0.3074915 0.2066666667 0.015)
(0.3091629771 0.2066666667 0.015)
(0.3108344543 0.2066666667 0.015)
(0.3125059314 0.2066666667 0.015)
(0.3141774086 0.2066666667 0.015)
(0.3158488857 0.2066666667 0.015)
(0.3175203629 0.2066666667 0.015)
(0.31919184 0.2066666667 0.015)
(0.3208633171 0.2066666667 0.015)
(0.3225347943 0.2066666667 0.015)
(0.3242062714 0.2066666667 0.015)
(0.3258777486 0.2066666667 0.015)
(0.3275492257 0.2066666667 0.015)
(0.3292207029 0.2066666667 0.015)
(0.33089218 0.2066666667 0.015)
(0.3325636571 0.2066666667 0.015)
(0.3342351343 0.2066666667 0.015)
(0.3359066114 0.2066666667 0.015)
(0.3375780886 0.2066666667 0.015)
(0.3392495657 0.2066666667 0.015)
(0.3409210429 0.2066666667 0.015)
(0.34259252 0.2066666667 0.015)
(0.3442639971 0.2066666667 0.015)
(0.3459354743 0.2066666667 0.015)
(0.3476069514 0.2066666667 0.015)
(0.3492784286 0.2066666667 0.015)
(0.3509499057 0.2066666667 0.015)
(0.3526213829 0.2066666667 0.015)
(0.35429286 0.2066666667 0.015)
(0.3559643371 0.2066666667 0.015)
(0.3576358143 0.2066666667 0.015)
(0.3593072914 0.2066666667 0.015)
(0.3609787686 0.2066666667 0.015)
(0.3626502457 0.2066666667 0.015)
(0.3643217229 0.2066666667 0.015)
(0.3659932 0.2066666667 0.015)
(0.3676646771 0.2066666667 0.015)
(0.3693361543 0.2066666667 0.015)
(0.3710076314 0.2066666667 0.015)
(0.3726791086 0.2066666667 0.015)
(0.3743505857 0.2066666667 0.015)
(0.3760220629 0.2066666667 0.015)
(0.37769354 0.2066666667 0.015)
(0.3793650171 0.2066666667 0.015)
(0.3810364943 0.2066666667 0.015)
(0.3827079714 0.2066666667 0.015)
(0.3843794486 0.2066666667 0.015)
(0.3860509257 0.2066666667 0.015)
(0.3877224029 0.2066666667 0.015)
(0.38939388 0.2066666667 0.015)
(0.3910653571 0.2066666667 0.015)
(0.3927368343 0.2066666667 0.015)
(0.3944083114 0.2066666667 0.015)
(0.3960797886 0.2066666667 0.015)
(0.3977512657 0.2066666667 0.015)
(0.3994227429 0.2066666667 0.015)
(0.40109422 0.2066666667 0.015)
(0.4027656971 0.2066666667 0.015)
(0.4044371743 0.2066666667 0.015)
(0.4061086514 0.2066666667 0.015)
(0.4077801286 0.2066666667 0.015)
(0.4094516057 0.2066666667 0.015)
(0.4111230829 0.2066666667 0.015)
(0.41279456 0.2066666667 0.015)
(0.4144660371 0.2066666667 0.015)
(0.4161375143 0.2066666667 0.015)
(0.4178089914 0.2066666667 0.015)
(0.4194804686 0.2066666667 0.015)
(0.4211519457 0.2066666667 0.015)
(0.4228234229 0.2066666667 0.015)
(0.4244949 0.2066666667 0.015)
(0.2489898 0.21 0.015)
(0.2506612771 0.21 0.015)
(0.2523327543 0.21 0.015)
(0.2540042314 0.21 0.015)
(0.2556757086 0.21 0.015)
(0.2573471857 0.21 0.015)
(0.2590186629 0.21 0.015)
(0.26069014 0.21 0.015)
(0.2623616171 0.21 0.015)
(0.2640330943 0.21 0.015)
(0.2657045714 0.21 0.015)
(0.2673760486 0.21 0.015)
(0.2690475257 0.21 0.015)
(0.2707190029 0.21 0.015)
(0.27239048 0.21 0.015)
(0.2740619571 0.21 0.015)
(0.2757334343 0.21 0.015)
(0.2774049114 0.21 0.015)
(0.2790763886 0.21 0.015)
(0.2807478657 0.21 0.015)
(0.2824193429 0.21 0.015)
(0.28409082 0.21 0.015)
(0.2857622971 0.21 0.015)
(0.2874337743 0.21 0.015)
(0.2891052514 0.21 0.015)
(0.2907767286 0.21 0.015)
(0.2924482057 0.21 0.015)
(0.2941196829 0.21 0.015)
(0.29579116 0.21 0.015)
(0.2974626371 0.21 0.015)
(0.2991341143 0.21 0.015)
(0.3008055914 0.21 0.015)
(0.3024770686 0.21 0.015)
(0.3041485457 0.21 0.015)
(0.3058200229 0.21 0.015)
(0.3074915 0.21 0.015)
(0.3091629771 0.21 0.015)
(0.3108344543 0.21 0.015)
(0.3125059314 0.21 0.015)
(0.3141774086 0.21 0.015)
(0.3158488857 0.21 0.015)
(0.3175203629 0.21 0.015)
(0.31919184 0.21 0.015)
(0.3208633171 0.21 0.015)
(0.3225347943 0.21 0.015)
(0.3242062714 0.21 0.015)
(0.3258777486 0.21 0.015)
(0.3275492257 0.21 0.015)
(0.3292207029 0.21 0.015)
(0.33089218 0.21 0.015)
(0.3325636571 0.21 0.015)
(0.3342351343 0.21 0.015)
(0.3359066114 0.21 0.015)
(0.3375780886 0.21 0.015)
(0.3392495657 0.21 0.015)
(0.3409210429 0.21 0.015)
(0.34259252 0.21 0.015)
(0.3442639971 0.21 0.015)
(0.3459354743 0.21 0.015)
(0.3476069514 0.21 0.015)
(0.3492784286 0.21 0.015)
(0.3509499057 0.21 0.015)
(0.3526213829 0.21 0.015)
(0.35429286 0.21 0.015)
(0.3559643371 0.21 0.015)
(0.3576358143 0.21 0.015)
(0.3593072914 0.21 0.015)
(0.3609787686 0.21 0.015)
(0.3626502457 0.21 0.015)
(0.3643217229 0.21 0.015)
(0.3659932 0.21 0.015)
(0.3676646771 0.21 0.015)
(0.3693361543 0.21 0.015)
(0.3710076314 0.21 0.015)
(0.3726791086 0.21 0.015)
(0.3743505857 0.21 0.015)
(0.3760220629 0.21 0.015)
(0.37769354 0.21 0.015)
(0.3793650171 0.21 0.015)
(0.3810364943 0.21 0.015)
(0.3827079714 0.21 0.015)
(0.3843794486 0.21 0.015)
(0.3860509257 0.21 0.015)
(0.3877224029 0.21 0.015)
(0.38939388 0.21 0.015)
(0.3910653571 0.21 0.015)
(0.3927368343 0.21 0.015)
(0.3944083114 0.21 0.015)
(0.3960797886 0.21 0.015)
(0.3977512657 0.21 0.015)
(0.3994227429 0.21 0.015)
(0.40109422 0.21 0.015)
(0.4027656971 0.21 0.015)
(0.4044371743 0.21 0.015)
(0.4061086514 0.21 0.015)
(0.4077801286 0.21 0.015)
(0.4094516057 0.21 0.015)
(0.4111230829 0.21 0.015)
(0.41279456 0.21 0.015)
(0.4144660371 0.21 0.015)
(0.4161375143 0.21 0.015)
(0.4178089914 0.21 0.015)
(0.4194804686 0.21 0.015)
(0.4211519457 0.21 0.015)
(0.4228234229 0.21 0.015)
(0.4244949 0.21 0.015)
)


// ************************************************************************* //
